3809
185
114
326
807
7187
2491
626
1941
192
4671
605
3167
2452
334
410
504
1373
3729
3716
500
647
1998
1435
1729
424
2761
302
196
631
1144
308
1042
559
2117
187
1128
2381
1211
6343
4073
629
2743
2704
4817
3841
36
1655
5363
6993
1923
3699
6055
249
5450
704
5272
3082
760
56
2473
1177
411
3023
7020
12889
121
1607
6048
1379
3316
3853
5180
10888
3848
1282
880
2332
6542
5170
4063
498
2801
413
5924
547
1067
1769
1767
2405
3306
356
8453
3242
9345
3704
7219
3566
3201
814
3402
589
892
5605
469
3578
4510
1054
935
3863
1159
2783
2270
1421
1951
4821
531
1365
291
1717
5127
1287
2759
944
491
487
3578
2283
2189
3468
6124
414
593
619
1123
1177
1040
322
1020
1761
3593
710
1073
583
202
3879
767
370
394
3747
637
403
583
144
2370
368
161
287
1528
1024
2160
2984
1465
287
1349
121
637
825
541
372
775
852
801
978
169
241
694
1345
466
3841
318
1915
955
394
11268
5556
139
440
2326
689
1308
873
1037
956
1814
985
1050
3981
1416
2520
469
179
180
480
185
15816
646
230
